deniirlpf=[1 -5.66765480788831 17.0722807636409 -34.2345252701747 50.5534693998955 -57.5310415671537 51.9351033516721 -37.6858577169567 22.1685810097624 -10.5528643735859 4.05441205387182 -1.23488402502721 0.295175868404229 -0.0520353392771502 0.00705036923668172 -0.000493327899542152 9.97423912829939e-05];
iirlpf=[0.00892252259609692 -0.0232244816877523 0.0574315195259274 -0.0736316377207852 0.0987761192524668 -0.0729864694981853 0.0744825579529990 -0.0309167802121926 0.0491094304946649 -0.0309167802121927 0.0744825579529987 -0.0729864694981854 0.0987761192524667 -0.0736316377207852 0.0574315195259274 -0.0232244816877523 0.00892252259609692];
deniirhpf=[1 -10.6030303913169 54.5913970880540 -180.599501057778 428.654623333252 -772.585759168004 1092.19425854376 -1233.91722419183 1124.81816240367 -829.469872865773 492.868902084400 -233.387686309003 86.3088102957526 -24.0909412549851 4.78587095984574 -0.604544938080131 0.0365830824714793]
iirpbf=[0.191267044917517 -2.59437393870247 16.8931996677734 -70.0354883345886 206.775060910550 -460.770931742527 801.345297470740 -1109.22849793853 1234.84893387131 -1109.22849793853 801.345297470740 -460.770931742527 206.775060910550 -70.0354883345886 16.8931996677734 -2.59437393870247 0.191267044917517]
deniirrbf=[1 -8.27551995437750 38.2952785075048 -124.171535374708 311.616244772132 -635.448001113800 1085.55077291603 -1582.70202201663 1994.17462371715 -2187.79905770676 2099.11734321460 -1763.45592562241 1295.47533281220 -828.472316639279 457.729651748924 -215.750727701999 85.1610877490274 -27.3044694855617 6.77551622855513 -1.17838885733297 0.115022356847395]
iirrbf=[0.339149460927426 -3.14058978716609 16.3184775231120 -59.3917111905627 167.201397308697 -382.089288934204 730.683261991346 -1191.14744061438 1676.19110537781 -2051.50995171012 2193.54409069920 -2051.50995171012 1676.19110537781 -1191.14744061438 730.683261991346 -382.089288934204 167.201397308697 -59.3917111905627 16.3184775231120 -3.14058978716609 0.339149460927426]
deniiirpbf=[1 -7.65128368688710 32.8382647354499 -98.8358436629945 230.409768120516 -436.589377782902 693.135520553200 -939.081226537176 1099.30909017040 -1120.13933337993 997.787131857685 -777.843594212916 529.985822226885 -314.180711466158 160.823949147110 -70.1944397201115 25.6467254020768 -7.60875528521784 1.74738357073843 -0.281329461708112 0.0255241778205368]
iirpbf=[0.00322181577143456 -0.0211004696349724 0.0761408203449333 -0.194383643771025 0.389729392951649 -0.646852530757401 0.921524569275454 -1.16041141867532 1.32841539003730 -1.41974153214078 1.44746873510357 -1.41974153214078 1.32841539003729 -1.16041141867532 0.921524569275454 -0.646852530757401 0.389729392951649 -0.194383643771025 0.0761408203449333 -0.0211004696349724 0.00322181577143456]


firlpf=[0.00111761614295280 0.00530438008032547 0.00667096176589868 0.00848978379724686 0.00789617151980233 0.00528671227167234 0.00135980232218080 -0.00227181998751252 -0.00408041027252798 -0.00337508676360469 -0.000746756537656930 0.00219799751368840 0.00370207975208527 0.00286148446460303 0.000179634108502275 -0.00269478840876089 -0.00393924994916126 -0.00268739946443143 0.000380971399169187 0.00338598230486388 0.00437877579664250 0.00258406111484476 -0.00102189835213996 -0.00422239216375108 -0.00490419991045055 -0.00243525631170924 0.00181529172297055 0.00521279810339392 0.00547373363440070 0.00217568026617293 -0.00281650278055163 -0.00638076272038431 -0.00606705476168154 -0.00175264373963714 0.00408289955189915 0.00775255481908010 0.00666282105935824 0.00110167666831211 -0.00569188581751136 -0.00937569039786119 -0.00723918538627157 -0.000128374415390437 0.00776825405507252 0.0113346986870411 0.00777759976898451 -0.00130647743864934 -0.0105214068768096 -0.0137896781977567 -0.00826412358694593 0.00344700336912138 0.0143387909958998 0.0170602434866547 0.00868471840035950 -0.00678409459857947 -0.0200595220058066 -0.0218734986634323 -0.00902579644317048 0.0125171943126882 0.0298774723130731 0.0302817213018986 0.00927662938461472 -0.0245829423533614 -0.0518624984388594 -0.0509610303416679 -0.00942985641792051 0.0679191492813631 0.158755773001397 0.231640228127418 0.259481622243708 0.231640228127418 0.158755773001397 0.0679191492813631 -0.00942985641792051 -0.0509610303416679 -0.0518624984388594 -0.0245829423533614 0.00927662938461472 0.0302817213018986 0.0298774723130731 0.0125171943126882 -0.00902579644317048 -0.0218734986634323 -0.0200595220058066 -0.00678409459857947 0.00868471840035950 0.0170602434866547 0.0143387909958998 0.00344700336912138 -0.00826412358694593 -0.0137896781977567 -0.0105214068768096 -0.00130647743864934 0.00777759976898451 0.0113346986870411 0.00776825405507252 -0.000128374415390437 -0.00723918538627157 -0.00937569039786119 -0.00569188581751136 0.00110167666831211 0.00666282105935824 0.00775255481908010 0.00408289955189915 -0.00175264373963714 -0.00606705476168154 -0.00638076272038431 -0.00281650278055163 0.00217568026617293 0.00547373363440070 0.00521279810339392 0.00181529172297055 -0.00243525631170924 -0.00490419991045055 -0.00422239216375108 -0.00102189835213996 0.00258406111484476 0.00437877579664250 0.00338598230486388 0.000380971399169187 -0.00268739946443143 -0.00393924994916126 -0.00269478840876089 0.000179634108502275 0.00286148446460303 0.00370207975208527 0.00219799751368840 -0.000746756537656930 -0.00337508676360469 -0.00408041027252798 -0.00227181998751252 0.00135980232218080 0.00528671227167234 0.00789617151980233 0.00848978379724686 0.00667096176589868 0.00530438008032547 0.00111761614295280];
